5
12

# demanda
1 10 6 7 14 20 20 6 6 12 2 10
10 20 8 2 3 12 8 7 7 6 1 7
6 11 7 2 15 2 11 3 11 19 10 3
9 11 14 14 1 9 3 0 13 13 12 18
4 10 3 7 5 3 10 3 20 12 17 11

# custo de produção
10 20 20 2 14 6 12 14 8 11 11 3
11 4 13 20 5 2 13 7 14 2 5 18
4 5 20 5 4 18 13 16 9 19 19 14
7 9 1 14 8 17 1 6 5 11 12 15
12 14 15 17 4 16 20 18 16 20 10 18

# custo de estoque
7 4 2 2 3 9 8 9 4 3 8 3
5 5 9 5 4 1 3 1 5 9 7 3
9 3 7 9 8 8 1 4 3 5 6 3
6 1 10 8 1 5 4 1 9 3 4 1
9 9 2 10 7 7 1 9 6 6 9 4

# custo fixo (setup)
18 27 29 20 5 5 14 17 10 17 6 15
15 7 22 29 21 15 17 12 21 8 12 23
5 23 29 8 28 17 23 23 18 25 26 30
21 8 14 8 24 7 16 22 27 15 30 11
17 23 8 15 6 16 5 30 15 30 6 19
