# Matriz de distâncias
0   10  20  30  40  50  20  30  10  40  25  15
10   0  10  20  30  40  25  35  20  30  15  20
20  10   0  10  20  30  30  20  15  25  20  30
30  20  10   0  10  20  40  30  25  15  35  20
40  30  20  10   0  10  45  40  30  20  25  30
50  40  30  20  10   0  50  45  35  30  20  25
20  25  30  40  45  50   0  10  20  30  15  35
30  35  20  30  40  45  10   0  25  20  30  20
10  20  15  25  30  35  20  25   0  30  20  15
40  30  25  15  20  30  30  20  30   0  40  25
25  15  20  35  25  20  15  30  20  40   0  10
15  20  30  20  30  25  35  20  15  25  10   0

# Matriz de fluxos
0   5   10  25  12   8   20  15  10   5   18  22
8   0   12  40  10   7   25  20  12  10   15  30
15  30   0  18  20  10   22  16  14  12   28  24
10  20  25   0  30  40   12  18  20  22   14  16
5   10  15  28   0  12   30  25  18  16   20  14
12   8  20  35  10   0   24  30  16  14   26  18
20  25  18  10  22  28    0  12  30  20   10  15
14  18  16  12  20  22   10   0  18  25   12  11
11  13  14  22  16  17   20  18   0  15   14  19
7    9  12  20  11  13   17  21  18   0   16  12
18  14  26  15  19  11   10  12  17  20    0  13
22  20  24  16  14  18   15  10  19  11   12   0
