-931  789
-630  -387
-302  -744
-792  -983
45  -95
618  -494
-919  -281
-233  -708
-645  66
118  109
-969  -183
-68  -433
-822  -333
-735  -205
234  471
-147  889
-869  -434
841  276
831  -22
739  255
969  814
773  832
653  290
43  -319
232  430
-560  958
694  -991
-826  -309
524  807
-558  884
670  46
-65  -969
324  -434
122  593
993  -226
141  778
-679  984
-747  394
-283  159
362  -157
23  393
-433  968
22  140
453  272
-549  -214
380  -840
-670  887
-261  74
-835  -131
306  428
-482  565
-10  -397
902  -546
-636  746
321  497
-771  -909
-33  829
-356  -233
389  -654
750  -642
-648  162
640  272
452  -169
351  -490
-771  -310
808  -128
-799  297
366  478
-256  -492
312  506
-861  -797
272  59
146  -624
-693  632
713  457
-897  72
134  -573
493  -810
-907  -291
796  407
785  -945
-405  606
104  376
333  -294
-418  -94
-82  -698
312  36
209  860
72  -830
-315  101
395  -946
925  11
-963  798
-541  -176
-209  -245
-823  -579
-388  -945
640  -985
-462  -719
13  493
