6;80;0
7;98;0
8;98;0
9;106;0
10;83;0
11;96;0
12;85;0
13;80;0
6;7;110;0
6;8;118;0
6;9;134;0
6;10;121;0
6;11;146;0
6;12;146;0
6;13;149;0
7;8;106;0
7;9;122;0
7;10;109;0
7;11;134;0
7;12;134;0
7;13;137;0
8;9;114;0
8;10;101;0
8;11;126;0
8;12;126;0
8;13;129;0
9;10;106;0
9;11;118;0
9;12;118;0
9;13;121;0
10;11;108;0
10;12;108;0
10;13;111;0
11;12;96;0
11;13;99;0
12;13;88;0
6;7;8;118;0
6;7;9;134;0
6;7;10;121;0
6;7;11;146;0
6;7;12;146;0
6;7;13;149;0
6;8;9;134;0
6;8;10;121;0
6;8;11;146;0
6;8;12;146;0
6;8;13;149;0
6;9;10;134;0
6;9;11;146;0
6;9;12;146;0
6;9;13;149;0
6;10;11;146;0
6;10;12;146;0
6;10;13;149;0
6;11;12;146;0
6;11;13;149;0
6;12;13;149;0
7;8;9;122;0
7;8;10;109;0
7;8;11;134;0
7;8;12;134;0
7;8;13;137;0
7;9;10;122;0
7;9;11;134;0
7;9;12;134;0
7;9;13;137;0
7;10;11;134;0
7;10;12;134;0
7;10;13;137;0
7;11;12;134;0
7;11;13;137;0
7;12;13;137;0
8;9;10;114;0
8;9;11;126;0
8;9;12;126;0
8;9;13;129;0
8;10;11;126;0
8;10;12;126;0
8;10;13;129;0
8;11;12;126;0
8;11;13;129;0
8;12;13;129;0
9;10;11;118;0
9;10;12;118;0
9;10;13;121;0
9;11;12;118;0
9;11;13;121;0
9;12;13;121;0
10;11;12;108;0
10;11;13;111;0
10;12;13;111;0
11;12;13;99;0
6;7;8;9;134;0
6;7;8;10;121;0
6;7;8;11;146;0
6;7;8;12;146;0
6;7;8;13;149;0
6;7;9;10;134;0
6;7;9;11;146;0
6;7;9;12;146;0
6;7;9;13;149;0
6;7;10;11;146;0
6;7;10;12;146;0
6;7;10;13;149;0
6;7;11;12;146;0
6;7;11;13;149;0
6;7;12;13;149;0
6;8;9;10;134;0
6;8;9;11;146;0
6;8;9;12;146;0
6;8;9;13;149;0
6;8;10;11;146;0
6;8;10;12;146;0
6;8;10;13;149;0
6;8;11;12;146;0
6;8;11;13;149;0
6;8;12;13;149;0
6;9;10;11;146;0
6;9;10;12;146;0
6;9;10;13;149;0
6;9;11;12;146;0
6;9;11;13;149;0
6;9;12;13;149;0
6;10;11;12;146;0
6;10;11;13;149;0
6;10;12;13;149;0
6;11;12;13;149;0
7;8;9;10;122;0
7;8;9;11;134;0
7;8;9;12;134;0
7;8;9;13;137;0
7;8;10;11;134;0
7;8;10;12;134;0
7;8;10;13;137;0
7;8;11;12;134;0
7;8;11;13;137;0
7;8;12;13;137;0
7;9;10;11;134;0
7;9;10;12;134;0
7;9;10;13;137;0
7;9;11;12;134;0
7;9;11;13;137;0
7;9;12;13;137;0
7;10;11;12;134;0
7;10;11;13;137;0
7;10;12;13;137;0
7;11;12;13;137;0
8;9;10;11;126;0
8;9;10;12;126;0
8;9;10;13;129;0
8;9;11;12;126;0
8;9;11;13;129;0
8;9;12;13;129;0
8;10;11;12;126;0
8;10;11;13;129;0
8;10;12;13;129;0
8;11;12;13;129;0
9;10;11;12;118;0
9;10;11;13;121;0
9;10;12;13;121;0
9;11;12;13;121;0
10;11;12;13;111;0
6;7;8;9;10;134;0
6;7;8;9;11;146;0
6;7;8;9;12;146;0
6;7;8;9;13;149;0
6;7;8;10;11;146;0
6;7;8;10;12;146;0
6;7;8;10;13;149;0
6;7;8;11;12;146;0
6;7;8;11;13;149;0
6;7;8;12;13;149;0
6;7;9;10;11;146;0
6;7;9;10;12;146;0
6;7;9;10;13;149;0
6;7;9;11;12;146;0
6;7;9;11;13;149;0
6;7;9;12;13;149;0
6;7;10;11;12;146;0
6;7;10;11;13;149;0
6;7;10;12;13;149;0
6;7;11;12;13;149;0
6;8;9;10;11;146;0
6;8;9;10;12;146;0
6;8;9;10;13;149;0
6;8;9;11;12;146;0
6;8;9;11;13;149;0
6;8;9;12;13;149;0
6;8;10;11;12;146;0
6;8;10;11;13;149;0
6;8;10;12;13;149;0
6;8;11;12;13;149;0
6;9;10;11;12;146;0
6;9;10;11;13;149;0
6;9;10;12;13;149;0
6;9;11;12;13;149;0
6;10;11;12;13;149;0
7;8;9;10;11;134;0
7;8;9;10;12;134;0
7;8;9;10;13;137;0
7;8;9;11;12;134;0
7;8;9;11;13;137;0
7;8;9;12;13;137;0
7;8;10;11;12;134;0
7;8;10;11;13;137;0
7;8;10;12;13;137;0
7;8;11;12;13;137;0
7;9;10;11;12;134;0
7;9;10;11;13;137;0
7;9;10;12;13;137;0
7;9;11;12;13;137;0
7;10;11;12;13;137;0
8;9;10;11;12;126;0
8;9;10;11;13;129;0
8;9;10;12;13;129;0
8;9;11;12;13;129;0
8;10;11;12;13;129;0
9;10;11;12;13;121;0
6;7;8;9;10;11;146;0
6;7;8;9;10;12;146;0
6;7;8;9;10;13;149;0
6;7;8;9;11;12;146;0
6;7;8;9;11;13;149;0
6;7;8;9;12;13;149;0
6;7;8;10;11;12;146;0
6;7;8;10;11;13;149;0
6;7;8;10;12;13;149;0
6;7;8;11;12;13;149;0
6;7;9;10;11;12;146;0
6;7;9;10;11;13;149;0
6;7;9;10;12;13;149;0
6;7;9;11;12;13;149;0
6;7;10;11;12;13;149;0
6;8;9;10;11;12;146;0
6;8;9;10;11;13;149;0
6;8;9;10;12;13;149;0
6;8;9;11;12;13;149;0
6;8;10;11;12;13;149;0
6;9;10;11;12;13;149;0
7;8;9;10;11;12;134;0
7;8;9;10;11;13;137;0
7;8;9;10;12;13;137;0
7;8;9;11;12;13;137;0
7;8;10;11;12;13;137;0
7;9;10;11;12;13;137;0
8;9;10;11;12;13;129;0
6;7;8;9;10;11;12;146;0
6;7;8;9;10;11;13;149;0
6;7;8;9;10;12;13;149;0
6;7;8;9;11;12;13;149;0
6;7;8;10;11;12;13;149;0
6;7;9;10;11;12;13;149;0
6;8;9;10;11;12;13;149;0
7;8;9;10;11;12;13;137;0
6;7;8;9;10;11;12;13;149;0
