10 50
# Clientes: x y demanda
90 86 15
493 -138 10
-198 -208 15
-177 34 5
-280 -9 12
472 287 19
460 222 18
-74 -258 3
-279 -305 8
-49 98 17
253 -179 12
-433 -275 1
-105 62 14
-345 -182 11
-272 -418 8
382 206 5
99 70 16
349 -350 8
233 -451 4
-188 97 9
-80 -333 14
-275 407 4
-215 -80 19
100 437 2
204 180 14
463 239 18
192 491 5
-309 62 7
-286 -331 17
169 -189 4
301 245 13
58 336 3
-269 -8 18
-100 -233 13
60 402 1
-359 -77 1
-46 321 4
-212 -193 5
-164 -353 18
22 421 1
-251 -81 8
363 411 9
227 161 6
-306 464 14
-354 161 16
-395 219 1
282 404 14
-358 407 6
-457 498 11
-292 -50 20
# Clusters: x y capacidade
9 -14 67
104 351 59
-339 242 55
347 -183 70
341 11 69
491 -133 60
280 -147 61
74 156 52
130 214 50
-481 -41 52
